LC81960232016156LGN00 Hamburg  53.568 9.973 196 23 06 04 32UNE   2016 06 04
LC81880502016324LGN00 Zinder_Airport  13.777 8.99 188 50 11 19 32PMA   2016 11 19
LC81760742016320LGN00 Tsumkwe  -19.617 20.442 176 74 11 15 34KDD   2016 11 15
LC81760742016240LGN00 Tsumkwe  -19.617 20.442 176 74 08 27 34KDD   2016 08 27
LC81490202016259LGN00 Tomsk_22  56.417 84.074 149 20 09 15 44VPH   2016 09 15
LC81310302016309LGN00 Dalanzadgad  43.577 104.419 131 30 11 04 48TVP   2016 11 04
LC81150342016149LGN00 Hankuk_UFS  37.339 127.266 115 34 05 28 52SCG   2016 05 28
LC81290502016103LGN00 Silpakorn_Univ  13.819 100.041 129 50 04 12 47PPR   2016 04 12
LC80980782016286LGN00 Birdsville  -25.899 139.346 98 78 10 12 54JUS   2016 10 12
LC81070712016301LGN00 Lake_Argyle  -16.108 128.749 107 71 10 27 52LDH   2016 10 27
LC81210172016191LGN00 Yakutsk  61.662 129.367 121 17 07 09 52VEP   2016 07 09
LC81210172016111LGN00 Yakutsk  61.662 129.367 121 17 04 20 52VEP   2016 04 20
LC81190172016081LGN00 Yakutsk  61.662 129.367 119 17 03 21 52VEP   2016 03 21
LC80700142016297LGN00 Bonanza_Creek  64.743 -148.316 70 14 10 23 6WVS   2016 10 23
LC80700142016041LGN00 Bonanza_Creek  64.743 -148.316 70 14 02 10 6WVS   2016 02 10
