LC81960262016268LGN00 Bure_OPE  48.562 5.505 196 26 09 24 31UFP   2016 09 25
LC81880502016292LGN00 Zinder_Airport  13.777 8.99 188 50 10 18 32PMA   2016 10 20
LC81900542016066LGN00 Ilorin  8.32 4.34 190 54 03 06 31PFK   2016 03 07
LC81900542016034LGN00 Ilorin  8.32 4.34 190 54 02 03 31PFK   2016 02 06
LC81900512016322LGN00 IER_Cinzana  13.278 -5.934 190 51 11 17 29PRQ   2016 11 14
LC81900512016210LGN00 IER_Cinzana  13.278 -5.934 190 51 07 28 29PRQ   2016 07 27
LC81900512016130LGN00 IER_Cinzana  13.278 -5.934 190 51 05 09 29PRQ   2016 05 08
LC81900512016066LGN00 IER_Cinzana  13.278 -5.934 190 51 03 06 29PRQ   2016 03 09
LC81790732016309LGN00 Windpoort  -19.366 15.483 179 73 11 04 33KWU   2016 11 01
LC81790732016293LGN00 Windpoort  -19.366 15.483 179 73 10 19 33KWU   2016 10 22
LC81790732016277LGN00 Windpoort  -19.366 15.483 179 73 10 03 33KWU   2016 10 02
LC81790732016245LGN00 Windpoort  -19.366 15.483 179 73 09 01 33KWU   2016 09 02
LC81790732016229LGN00 Windpoort  -19.366 15.483 179 73 08 16 33KWU   2016 08 13
LC81790732016197LGN00 Windpoort  -19.366 15.483 179 73 07 15 33KWU   2016 07 14
LC81760742016288LGN00 Tsumkwe  -19.617 20.442 176 74 10 14 34KDD   2016 10 16
LC81760742016208LGN00 Tsumkwe  -19.617 20.442 176 74 07 26 34KDD   2016 07 28
LC81760742016192LGN00 Tsumkwe  -19.617 20.442 176 74 07 10 34KDD   2016 07 08
LC81610442016295LGN00 Mezaira  23.145 53.779 161 44 10 21 39QYF   2016 10 19
LC81610442016231LGN00 Mezaira  23.145 53.779 161 44 08 18 39QYF   2016 08 20
LC81470412016293LGN00 Jaipur 26.906 75.806 147 41 10 19 43REK   2016 10 22
LC81470412016149LGN00 Jaipur 26.906 75.806 147 41 05 28 43REK   2016 05 25
LC81470412016133LGN00 Jaipur 26.906 75.806 147 41 05 12 43REK   2016 05 15
LC81470412016069LGN00 Jaipur 26.906 75.806 147 41 03 09 43REK   2016 03 06
LC81470412016037LGN01 Jaipur 26.906 75.806 147 41 02 06 43REK   2016 02 05
LC81480202016236LGN00 Tomsk_22  56.417 84.074 148 20 08 23 44VPH   2016 08 26
LC81480202016220LGN00 Tomsk_23 56.417 84.074 148 20 08 07 45VUC   2016 08 06
LC81500202016218LGN00 Tomsk_22  56.417 84.074 150 20 08 05 45VUC   2016 08 06
LC81480202016140LGN00 Tomsk_23 56.417 84.074 148 20 05 19 44VPH   2016 05 21
LC80900852016309LGN00 Canberra  -35.271 149.111 90 85 11 04 55HFA   2016 11 06
LC80900852016149LGN00 Canberra  -35.271 149.111 90 85 05 28 55HFA   2016 05 30
LC81070712016253LGN00 Lake_Argyle  -16.108 128.749 107 71 09 09 52LDH   2016 09 07
LC81070712016173LGN00 Lake_Argyle  -16.108 128.749 107 71 06 21 52LDH   2016 06 19
LC81070712016013LGN00 Lake_Argyle  -16.108 128.749 107 71 01 13 52LDH   2016 01 11
LC81200172016264LGN00 Yakutsk  61.662 129.367 120 17 09 20 52VEP   2016 09 17
LC81190172016257LGN00 Yakutsk  61.662 129.367 119 17 09 13 52VEP   2016 09 14
LC81210172016255LGN00 Yakutsk  61.662 129.367 121 17 09 11 52VEP   2016 09 14
LC80370362016194LGN00 USGS_Flagstaff_ROLO  35.215 -111.634 37 36 07 12 12SVD   2016 07 09
LC80370362016146LGN00 USGS_Flagstaff_ROLO  35.215 -111.634 37 36 05 25 12SVD   2016 05 23
LC80370362016130LGN00 USGS_Flagstaff_ROLO  35.215 -111.634 37 36 05 09 12SVD   2016 05 10
LC80370362016114LGN00 USGS_Flagstaff_ROLO  35.215 -111.634 37 36 04 23 12SVD   2016 04 20
LC80280332016227LGN00 NEON_KONZ  39.101 -96.563 28 33 08 14 14SQJ   2016 08 13
LC80200322016283LGN00 Dayton  39.776 -84.11 20 32 10 09 16TGK   2016 10 07
LC82310682016241LGN00 Ji_Parana_SE  -10.934 -61.852 231 68 08 28 20LPN   2016 08 26
LC82240802016224LGN00 Sao_Martinho_SONDA  -29.443 -53.823 224 80 08 11 21JYH   2016 08 14
LC82010312016239LGN00 Palencia  41.989 -4.516 201 31 08 26 30TUM   2016 08 25
LC82010312016207LGN00 Palencia  41.989 -4.516 201 31 07 25 30TUM   2016 07 26
LC82010312016175LGN00 Palencia  41.989 -4.516 201 31 06 23 30TUM   2016 06 26
